0.000000 1.000000
0.015708 1.015707
0.031416 1.031405
0.047124 1.047088
0.062832 1.062747
0.078540 1.078372
0.094248 1.093955
0.109956 1.109488
0.125664 1.124960
0.141372 1.140361
0.157080 1.155683
0.172788 1.170914
0.188496 1.186045
0.204204 1.201064
0.219911 1.215960
0.235619 1.230721
0.251327 1.245337
0.267035 1.259796
0.282743 1.274084
0.298451 1.288189
0.314159 1.302099
0.329867 1.315800
0.345575 1.329279
0.361283 1.342521
0.376991 1.355513
0.392699 1.368240
0.408407 1.380688
0.424115 1.392841
0.439823 1.404683
0.455531 1.416199
0.471239 1.427373
0.486947 1.438187
0.502655 1.448626
0.518363 1.458672
0.534071 1.468307
0.549779 1.477514
0.565487 1.486274
0.581195 1.494568
0.596903 1.502378
0.612611 1.509684
0.628319 1.516467
0.644026 1.522706
0.659734 1.528380
0.675442 1.533469
0.691150 1.537952
0.706858 1.541808
0.722566 1.545013
0.738274 1.547546
0.753982 1.549384
0.769690 1.550505
0.785398 1.550883
0.801106 1.550497
0.816814 1.549320
0.832522 1.547330
0.848230 1.544500
0.863938 1.540806
0.879646 1.536221
0.895354 1.530720
0.911062 1.524277
0.926770 1.516863
0.942478 1.508452
0.958186 1.499017
0.973894 1.488529
0.989602 1.476961
1.005310 1.464282
1.021018 1.450466
1.036726 1.435481
1.052434 1.419298
1.068142 1.401887
1.083849 1.383218
1.099557 1.363259
1.115265 1.341981
1.130973 1.319350
1.146681 1.295336
1.162389 1.269906
1.178097 1.243028
1.193805 1.214669
1.209513 1.184796
1.225221 1.153375
1.240929 1.120374
1.256637 1.085758
1.272345 1.049492
1.288053 1.011544
1.303761 0.971877
1.319469 0.930457
1.335177 0.887248
1.350885 0.842216
1.366593 0.795325
1.382301 0.746538
1.398009 0.695820
1.413717 0.643134
1.429425 0.588445
1.445133 0.531716
1.460841 0.472909
1.476549 0.411988
1.492257 0.348917
1.507964 0.283658
1.523672 0.216174
1.539380 0.146428
1.555088 0.074382
